<?xml version="1.0"?>
<opencv_storage>
<classifications type_id="opencv-matrix">
  <rows>185</rows>
  <cols>1</cols>
  <dt>i</dt>
  <data>
    83 83 83 83 83 83 83 83 83 83 83 83 83 83 83 83 83 83 83 83 83 83 83
    83 83 83 85 85 85 85 85 85 85 85 85 85 85 83 83 83 83 83 83 83 85 85
    85 85 85 85 85 85 85 85 85 85 85 83 83 83 83 83 83 83 85 85 85 85 85
    85 85 85 85 85 85 85 85 85 85 85 77 78 66 86 88 67 84 84 84 84 84 84
    84 84 84 84 84 90 80 73 85 89 84 82 69 87 79 84 84 84 84 84 84 84 84
    84 84 84 76 75 74 72 70 68 65 81 71 83 84 84 84 84 84 84 84 84 84 84
    84 84 84 72 72 84 72 72 72 84 72 72 72 72 72 72 72 72 72 72 72 72 72
    77 78 66 68 65 80 79 82 87 81 72 72 72 72 72 72 72 72 72 72 72 72 72
    72</data></classifications>
</opencv_storage>
